996
992
997
994
993
988
983
1018
1055
1069
1092
1112
1124
1146
1147
1918
1917
1895
1863
1853
1822
1792
1764
1733
1721
1698
1667
1628
1617
1476
1500
1532
1515
1486
911
916
920
924
924
493
488
475
780
743
709
696
663
697
717
747
768
808
830
848
1416
1445
1456
1481
1514
1526
1550
818
851
864
892
1475
1500
1528
1540
1559
1585
1617
1643
1658
1677
1689
1704
1726
1737
1761
1780
1801
1337
1375
1404
1438
1467
1489
1528
1566
1544
1515
1514
1510
1511
1508
1476
1447
1432
1410
1376
1360
1330
1081
1067
1042
1004
979
941
925
895
882
865
837
850
845
857
497
512
898
937
969
936
901
862
823
796
551
516
506
767
763
767
764
766
764
799
590
618
646
1010
986
956
935
903
890
879
859
838
817
857
874
870
871
875
870
605
608
626
639
650
690
724
742
759
783
1382
1045
1077
1097
1120
1154
1175
1189
1883
1879
1880
1879
1874
1869
1868
1901
1939
1950
1284
1318
1342
1347
1344
1344
1339
1340
1345
1350
1353
1358
1356
1353
1352
1349
1350
1355
1355
1352
1353
1365
1405
1427
1443
1476
1471
1469
1466
1465
1460
1424
1401
1385
1359
1346
1374
1344
1332
1322
1067
1100
1114
1127
1148
1177
1207
1238
1255
2135
2150
2181
2218
1655
1674
1697
1721
1742
1756
1794
1829
1851
1884
1883
1883
1880
1280
1254
1219
1188
1187
1189
1159
1127
1128
1124
1124
1123
1127
1127
1129
1126
1127
1128
1125
905
904
906
936
971
982
949
936
899
864
842
843
844
844
815
783
794
811
846
865
895
929
956
972
987
1012
1040
1053
1079
1105
1140
1155
1170
1138
1102
1081
1042
1026
995
967
930
1706
1677
1638
1610
1584
1560
1581
1018
1053
1013
1010
998
993
993
989
993
991
986
981
980
979
1010
1031
1621
1656
1671
1709
1736
1770
1795
1807
1844
1872
1894
1234
1203
1178
1154
1137
1108
1098
1084
1056
1019
984
989
994
994
1796
1769
1767
1489
1493
1491
1486
1487
1448
1417
1420
1421
1426
1430
1425
1422
1443
1475
833
850
890
878
866
850
810
789
771
741
728
1297
1324
1354
1365
1398
1424
781
812
837
860
898
925
942
960
636
663
685
715
745
781
811
830
815
779
764
736
722
690
664
647
617
640
643
644
647
645
645
640
644
673
1180
1211
1236
1269
1307
1346
1356
1393
1411
1447
1483
1495
1509
1549
871
905
941
980
943
909
871
831
807
825
493
530
552
570
990
1013
1034
1071
1107
1127
1162
1186
1215
1240
1274
1289
1300
1317
1342
1355
1381
2428
2466
2480
2495
2519
2550
2571
1865
1886
1906
1933
1936
1936
1933
1938
1942
1945
1728
1727
1728
1191
1196
1196
1196
1196
1197
1202
1202
1202
1203
1208
1205
1204
1906
1568
1568
1605
1622
1651
1663
1673
1693
1726
1368
1404
1414
1429
1446
1474
1484
1516
1530
1557
1597
1559
1527
1491
899
860
828
795
774
788
798
835
849
873
887
899
920
952
985
609
640
652
672
707
682
649
637
603
1133
1134
1136
1141
1141
1143
1145
1141
1104
1065
1026
1779
1819
1832
1847
1884
1911
1940
1980
2005
2015
1657
1690
1121
1145
1145
1140
1139
1142
1137
1135
1138
1140
824
828
827
791
775
800
836
852
864
880
1754
1776
1799
1817
1830
1845
1857
1888
1873
1840
1253
1226
1192
1165
1166
1168
1976
1981
1979
1981
1978
1981
1977
1976
1972
1006
1006
1032
1048
1082
1094
1123
1162
1191
1202
1212
1207
1203
1208
1877
1875
1876
1903
1923
1940
1936
1934
1958
1972
2002
2024
2024
2059
2069
2102
1087
1051
1024
1004
985
951
926
928
926
929
931
926
922
923
921
919
916
919
918
920
940
909
878
853
822
790
778
741
723
688
665
654
636
634
630
628
631
634
635
630
1030
1000
974
958
933
958
989
1029
1063
1084
1116
1135
1153
1191
1213
1235
1259
2510
2199
2236
2260
2276
2298
2331
2347
2386
2424
2440
2469
1645
1659
1691
1715
1753
1764
1781
1792
1823
1674
1711
1732
1764
1802
1830
1850
1883
1904
1924
1938
1955
1992
2003
2032
2054
1166
1183
2085
2101
2120
2143
2112
2089
2051
2029
2011
1991
1988
1993
1988
975
1014
985
956
942
907
884
867
842
812
782
764
740
712
687
687
688
689
694
697
693
698
697
699
704
703
703
708
705
710
1387
1058
1058
1063
1076
1074
1072
1075
1079
1083
1080
1077
1076
732
730
729
724
699
732
767
807
834
860
893
908
939
958
981
1014
1054
1079
1100
1086
1062
1979
1946
1692
1673
1654
1628
1608
922
885
845
826
852
875
573
606
618
630
649
648
645
992
987
983
985
984
981
979
981
977
973
969
968
971
973
970
969
947
973
999
1018
1980
1998
2037
2074
1448
1480
1499
1520
1537
1551
1584
1605
1626
1656
1692
1690
1687
1689
1715
1733
1758
1784
1095
1109
1121
1138
1170
1189
1200
1238
1261
1287
1312
1334
1345
1331
1320
1301
1279
1265
1229
1203
1167
1157
1194
1230
1267
1282
1298
1324
1342
1352
1372
1412
1429
1459
1495
916
1464
1453
1443
1409
1397
1384
1351
1375
1405
1443
1482
1517
1546
1565
1579
1596
1634
1635
1635
1477
1477
1474
1469
1479
1468
1484
1471
1454
1441
1427
1390
944
925
905
880
841
831
801
779
759
738
703
666
654
614
575
555
553
966
964
965
967
968
963
966
964
925
912
876
836
804
794
754
742
1097
871
834
811
800
775
736
712
678
679
674
678
675
678
679
684
681
676
671
1223
1218
1222
1222
1219
1223
1219
2010
2013
2018
2021
2016
2013
2016
2021
2020
2021
2016
2018
2020
1189
1194
1196
1195
1192
1193
1191
1201
1240
1260
1261
1266
1093
1096
1100
1099
1094
1090
1105
1118
1146
1158
2266
2288
2315
2348
2072
2110
2115
2110
2110
2113
2111
2114
2113
2113
2112
2115
2078
2050
2019
1992
1956
1933
1090
1072
1075
1079
1075
1080
1077
1072
1074
1078
1076
1076
1101
1111
1076
1055
1017
1054
1094
1129
1163
1199
1929
1932
1124
1126
1129
1131
1134
1129
1132
1137
1132
1127
1123
1128
1154
1169
1188
1206
1233
1247
1280
1304
1328
1356
1380
1420
1457
768
772
773
770
774
776
771
766
787
820
844
879
889
918
944
976
799
817
833
861
1733
1750
1423
1438
1472
1495
1512
1550
1585
1625
1665
1700
1735
1748
1761
1798
1836
1045
1014
993
979
967
945
940
937
958
987
1017
1875
1860
1850
1811
1839
1363
1366
1364
1361
1358
1353
1389
1414
1454
1474
1478
1481
1495
1531
1558
1095
1128
1123
1161
1185
1216
1233
1258
1280
1241
1228
1206
1175
1137
1110
1088
1075
1062
1065
949
953
948
948
951
946
1414
1412
1410
1412
1413
1415
1414
1418
1421
1424
1425
1427
1429
1426
1425
1424
1419
1421
1417
1420
1416
1406
1372
1350
1381
1403
1421
1436
1454
1468
1353
1385
1414
1428
1440
1478
1474
1464
1448
1433
1423
1387
1365
1340
1322
1311
1279
990
965
931
905
882
869
841
810
788
749
717
554
540
519
541
572
601
622
638
675
701
719
1223
1234
1246
1277
1313
1324
1363
1382
1350
1318
1292
1288
1288
1292
1291
1288
1283
1312
1348
1377
1354
1336
1323
1312
1273
1256
1246
1206
1189
1173
1156
1146
648
633
597
564
525
491
467
438
472
497
507
531
562
600
610
640
658
688
686
681
662
638
984
949
923
903
864
827
866
888
926
939
970
966
1837
1870
1910
1878
1839
1818
1801
1767
1146
1115
1078
1044
1007
971
944
940
936
937
934
938
940
940
935
937
1843
1848
1851
1848
1848
1847
1847
1846
1621
1647
1669
1707
1735
1014
1034
1074
662
689
689
689
689
699
728
763
801
828
832
827
812
774
738
708
738
761
787
822
850
881
860
822
797
1462
1435
1408
1396
1379
1356
1321
1295
1259
1230
1234
1235
1237
1236
1062
1057
1061
1097
1112
1141
1179
1196
1220
1248
1283
1281
1283
1278
1273
1278
1277
1272
1275
1273
1278
1244
1204
733
1386
1348
1312
1298
1264
1239
1201
1166
1135
1112
1138
1158
1198
1233
1248
1288
1313
905
1454
1489
1509
1530
1551
1576
1604
1150
1119
1100
1103
1140
1153
1173
1205
2317
2327
2357
2385
2371
2332
2316
2288
2251
2224
2190
2166
1203
1181
1151
1132
1092
1066
1069
1074
1071
1070
1070
1075
1071
1074
1077
1081
1078
1078
1077
1076
1075
1071
1076
1074
1077
1700
1697
1695
1699
1699
1699
1665
1627
1652
1669
1679
1704
1719
1370
1380
1390
1412
1452
1466
1489
1515
1545
1519
1486
1499
1496
1498
1499
1497
1500
1497
1481
1113
1100
1068
1054
1040
1015
995
974
958
812
802
802
770
743
730
697
659
644
611
591
555
888
877
839
824
794
784
780
775
772
768
766
770
679
662
699
725
743
782
806
818
842
1306
1317
1349
1364
1386
1418
1434
1434
1399
1387
1355
1332
1299
1261
1231
1191
694
680
681
683
682
682
680
646
608
580
560
528
497
494
490
493
496
497
493
490
486
500
534
571
599
638
670
684
714
754
774
801
791
781
744
715
1121
1107
556
521
496
469
438
423
390
359
341
325
296
301
301
302
300
587
591
596
597
598
597
598
596
595
594
598
1075
1072
1072
1069
1067
1072
1067
940
936
911
886
859
848
838
825
814
813
816
814
815
819
814
810
812
814
819
818
627
622
626
630
625
1217
1217
1256
1274
1305
1340
1379
1403
1382
1169
1188
1211
1246
1286
1281
1282
1281
1283
1282
1287
1285
1314
1336
1367
1387
1402
1426
1452
1479
1494
893
920
948
958
990
1017
1036
1065
738
760
790
813
830
863
881
893
892
889
894
890
888
886
890
887
882
886
891
780
1508
1508
1512
1508
954
926
891
879
859
822
795
780
758
727
715
680
660
624
424
410
415
397
374
342
329
300
320
638
671
698
729
750
788
801
834
861
892
902
916
677
1134
1155
1195
1235
1263
1275
1314
1324
1345
1356
1392
1428
1457
1483
1517
1541
1216
1242
1255
1268
1288
1311
1329
1364
1400
1431
1448
1473
1507
1067
1095
1125
650
671
704
720
738
733
737
740
718
680
657
1270
1260
1298
1314
1337
1365
1398
1435
1447
1464
905
919
936
966
1004
1909
1948
1978
1998
2023
2049
2066
1092
1131
1164
1197
1208
1243
1268
1280
1301
1092
1115
1136
1151
1168
1198
1236
1257
1277
1297
1332
1302
1266
1253
2180
2207
1107
1089
1070
1038
1027
1011
985
952
928
914
642
996
963
928
898
867
855
840
800
783
763
743
709
682
687
690
688
684
688
691
1084
1083
1078
1082
1079
1083
1086
1082
1081
1010
1035
1075
1085
1117
1130
1144
1169
2109
1848
1886
1903
1941
1964
2004
2042
1464
1479
1491
1515
1266
1278
1304
1334
1362
1382
1363
1344
1320
1281
1316
1342
1379
1376
1381
940
941
940
939
937
932
946
962
995
1008
1027
1044
1067
1082
1069
809
776
780
1516
1516
1498
1474
1449
1414
1380
1351
1330
1309
1286
1323
1345
1355
1376
1042
1064
1066
1067
1070
1072
1068
1071
1073
1078
752
770
805
576
590
602
635
654
691
718
752
783
815
830
1496
1532
1556
1577
1602
1622
1634
1632
1628
1631
1634
1631
1631
1627
1626
1027
1029
1024
1019
1023
1018
1013
1017
1012
1016
507
871
872
876
875
875
870
866
861
862
823
825
820
825
822
429
429
428
427
430
441
477
502
538
553
574
600
631
666
680
700
1187
1199
1229
1248
1285
1314
1348
1368
1380
1415
1439
1477
1498
1522
1552
1066
1085
1088
1065
1027
1025
1021
1026
1021
1021
1023
1027
1030
1027
1023
1021
1016
1002
969
935
916
897
857
833
799
1577
1603
1583
1553
1520
1485
1453
1441
711
672
653
631
611
576
544
546
551
546
994
995
990
985
986
951
920
902
892
929
951
972
986
1902
1934
1954
1976
1654
1671
1693
1723
1725
1720
1717
1241
1237
1232
1228
1226
1226
2223
2223
2228
2225
2222
2221
2223
2219
1905
1904
1907
1909
1911
1913
1913
